      Output Stream      a      a-list   pow         Input Stream
---------------------------------------------------------------------
            ()           0          ()    -   (9 8 7 4 3 6 9 1 7)
a-list empty; con
            ()         783     (7 8 3)   100    (8 7 4 3 6 9 1 7)
87 + 83 >= 100; con
            ()        8526   (8 5 2 6)  1000      (7 4 3 6 9 1 7)
87 + 526; < 1000; pro
            (8)        526     (5 2 6)   100      (7 4 3 6 9 1 7)
87 + 26 >= 100; con
            (8)       5869   (5 8 6 9)  1000        (4 3 6 9 1 7)
87 + 869 < 1000; pro
            (85)       869     (8 6 9)   100        (4 3 6 9 1 7)
87 + 69 >= 100; con
            (85)      9038   (9 0 3 8)  1000        (4 3 6 9 1 7)
87 + 38 < 1000; pro
            (859)       38     (0 3 8)   100          (3 6 9 1 7)
87 + 38 >= 100; con
            (859)      641   (0 6 4 1)  1000          (3 6 9 1 7)
87 + 641 < 1000; pro
            (8590)     641     (6 4 1)   100            (6 9 1 7)
87 + 41 >= 100; con
            (8590)    6932   (6 9 3 2)  1000            (6 9 1 7)
87 + 932 >= 1000; con
            (8590)   70103 (7 0 1 0 3) 10000                (917)
87 + 103 < 10000; pro
            (85907)    103   (0 1 0 3)  1000                 (17)
87 + 103 < 1000; pro
            (859070)   103     (1 0 3)   100                 (17)
87 + 3 < 100; pro
            (8590701)    3       (0 3)    10                 (17)
87 + 3 >= 10; con
            (8590701)  117     (1 1 7)   100                  (7)
87 + 17 >= 100; con
            (8590701) 1779   (1 7 7 9)  1000                   ()
87 + 779 < 1000; pro
            (85907011) 779     (7 7 9)   100                   ()
